TCC 71x66 

 5  35.69 ! Nblades R 

 0.00   6.28     ! Clo Cla 
 -0.8   1.20     ! Clmin Clmax 

 0.0100  0.008  0.006   0.400     ! Cdo Cd2u Cd2l ClCdo
 150000  -0.50                    ! REref REexp 

 1.00   1.00   1.00     ! Rfac Cfac Bfac
 0.00   0.00   0.00     ! Radd Cadd Badd

# r    chord   beta
 0.09   0.16   35.2
 0.11   0.16   35.1
 0.12   0.16   34.9
 0.14   0.16   34.8
 0.15   0.16   34.7
 0.17   0.16   34.5
 0.18   0.16   34.3
 0.20   0.16   34.1
 0.21   0.16   34.0
 0.23   0.16   33.7
 0.24   0.16   33.5
 0.26   0.16   33.3
 0.27   0.16   33.0
 0.29   0.16   32.8
 0.30   0.16   32.5
 0.32   0.16   32.2
 0.33   0.16   31.9
 0.35   0.16   31.6
 0.36   0.16   31.3
 0.38   0.15   30.9
 0.39   0.15   30.6
 0.41   0.15   30.2
 0.42   0.15   29.8
 0.44   0.15   29.4
 0.45   0.15   29.0
 0.47   0.15   28.6
 0.48   0.15   28.1
 0.50   0.14   27.7
 0.51   0.14   27.2
 0.53   0.14   26.8
 0.54   0.14   26.3
 0.56   0.14   25.8
 0.57   0.13   25.3
 0.59   0.13   24.7
 0.60   0.13   24.2
 0.62   0.13   23.6
 0.63   0.12   23.1
 0.65   0.12   22.5
 0.66   0.12   21.9
 0.68   0.11   21.3
 0.69   0.11   20.7
 0.71   0.11   20.1
 0.73   0.11   19.4
 0.74   0.10   18.8
 0.76   0.10   18.1
 0.77   0.10   17.4
 0.79   0.09   16.7
 0.80   0.09   16.0
 0.82   0.08   15.3
 0.83   0.08   14.5
 0.85   0.08   13.8
 0.86   0.07   13.0
 0.88   0.07   12.2
 0.89   0.06   11.5
 0.91   0.06   10.7
