   7.2000000e+01   5.0000000e+00   1.2000000e+00   1.0000000e+00   3.9999972e-01   3.6076943e+01   1.0000000e+00   3.0000000e-01  -4.1124222e+00  -1.7528236e+00   1.0000000e+00             Inf
   7.2000000e+01   5.0000000e+00   1.2000000e+00   1.0000000e+00   3.9999972e-01   3.6074868e+01   1.0000000e+00   3.0000000e-01  -4.1124222e+00  -1.7528236e+00   1.0000000e+00   0.0000000e+00
   7.1999905e+01   4.9941438e+00   1.2000000e+00   1.0000000e+00   3.9999973e-01   3.6073603e+01   1.0000000e+00   2.9999859e-01  -4.1124222e+00  -1.7528236e+00   1.0000000e+00   0.0000000e+00
   7.2000000e+01   4.9941029e+00   1.2000000e+00   1.0000000e+00   3.9999972e-01   3.6091509e+01   9.9999104e-01   2.9999864e-01  -4.1124222e+00  -1.7528236e+00   1.0000000e+00   0.0000000e+00
   7.1999903e+01   4.9938546e+00   1.2000000e+00   1.0000000e+00   3.9999973e-01   3.6084505e+01   1.0000000e+00   2.9999862e-01  -4.1124222e+00  -1.7528236e+00   1.0000000e+00             Inf
   7.1872512e+01   4.9974531e+00   1.1882415e+00   9.8925986e-01   3.9907035e-01   3.6586896e+01   1.0000000e+00   2.9998346e-01  -4.0992932e+00  -1.7725452e+00   1.0000000e+00             Inf
   7.1998343e+01   5.0000000e+00   1.2000000e+00   1.0000000e+00   3.9999163e-01   3.6135143e+01   1.0000000e+00   2.9999972e-01  -4.1114826e+00  -1.7528236e+00   2.0000000e+00             Inf
   7.1999226e+01   5.0000000e+00   1.2000000e+00   1.0000000e+00   3.9999972e-01   3.6076775e+01   9.9878453e-01   3.0000000e-01  -4.1114826e+00  -1.7528236e+00   2.0000000e+00             Inf
   7.2000000e+01   4.9999278e+00   1.2000000e+00   9.9873231e-01   3.9874968e-01   3.6319189e+01   9.9942884e-01   3.0000000e-01  -4.0955350e+00  -1.7593975e+00   2.0000000e+00   2.0000000e+00
   7.1366675e+01   4.9999225e+00   1.2000000e+00   1.0000000e+00   4.0000000e-01   3.6974890e+01   9.9987680e-01   2.9997315e-01  -4.0331536e+00  -1.7725452e+00   2.0000000e+00             Inf
   7.1923983e+01   5.0000000e+00   1.2000000e+00   9.9877565e-01   3.9978105e-01   3.6301381e+01   1.0000000e+00   2.9998500e-01  -4.0936558e+00  -1.7593975e+00   3.0000000e+00   8.0913371e-01
   7.1990276e+01   5.0000000e+00   1.2000000e+00   1.0000000e+00   3.9999971e-01   3.6077640e+01   1.0000000e+00   3.0000000e-01  -4.1058453e+00  -1.7528236e+00   3.0000000e+00             Inf
   6.7845928e+01   4.8648872e+00   9.5425576e-01   9.8533997e-01   4.0000000e-01   4.3167859e+01   8.6700770e-01   2.9996300e-01  -3.1641663e+00  -1.7725452e+00   3.0000000e+00             Inf
   7.2000000e+01   4.8989347e+00   1.0213412e+00   1.0000000e+00   4.0000000e-01   3.6511660e+01   1.0000000e+00   3.0000000e-01  -3.9716871e+00  -1.7659713e+00   3.0000000e+00   1.6537223e+00
   6.7582018e+01   4.9953638e+00   8.3329603e-01   6.9033420e-01   3.6006596e-01   4.2273854e+01   9.7854053e-01   2.9946856e-01  -2.5328363e+00  -1.7725452e+00   4.0000000e+00             Inf
   7.2000000e+01   5.0000000e+00   1.2000000e+00   1.0000000e+00   4.0000000e-01   3.5908420e+01   1.0000000e+00   3.0000000e-01  -4.1035212e+00  -1.7462498e+00   4.0000000e+00   6.0752187e-01
   7.2000000e+01   4.9849333e+00   9.7321578e-01   9.6982636e-01   3.9921428e-01   3.7603903e+01   9.4768021e-01   3.0000000e-01  -3.9317808e+00  -1.7659713e+00   4.0000000e+00   1.3924781e+00
   7.2000000e+01   5.0000000e+00   1.2000000e+00   9.9996309e-01   4.0000000e-01   3.5844572e+01   9.9995604e-01   3.0000000e-01  -4.1040651e+00  -1.7396760e+00   4.0000000e+00             Inf
   6.7582120e+01   4.9954195e+00   8.3379925e-01   6.8982730e-01   3.6006411e-01   4.2280234e+01   9.7852563e-01   2.9946815e-01  -2.5328363e+00  -1.7725452e+00   4.0000000e+00   0.0000000e+00
   7.2000000e+01   4.9999258e+00   1.1999399e+00   9.9892284e-01   3.9876846e-01   3.6221642e+01   9.9930651e-01   3.0000000e-01  -4.0922465e+00  -1.7593975e+00   4.0000000e+00   7.0930320e-01
   6.7580877e+01   4.9956000e+00   8.3306700e-01   6.9032139e-01   3.6006351e-01   4.2273669e+01   9.7857040e-01   2.9946873e-01  -2.5328363e+00  -1.7725452e+00   4.0000000e+00   0.0000000e+00
   6.7583360e+01   4.9953506e+00   8.3360820e-01   6.9118295e-01   3.6006556e-01   4.2273817e+01   9.7853979e-01   2.9947658e-01  -2.5328363e+00  -1.7725452e+00   4.0000000e+00             Inf
   6.7843572e+01   4.8519820e+00   9.6656203e-01   1.0000000e+00   3.9966545e-01   4.3174440e+01   8.6429283e-01   2.9996769e-01  -3.1904490e+00  -1.7659713e+00   5.0000000e+00   1.3925537e+00
   6.7326656e+01   4.9955985e+00   8.0592561e-01   6.8643980e-01   3.6520713e-01   4.2693319e+01   9.7814633e-01   2.9942408e-01  -2.5164188e+00  -1.7725452e+00   5.0000000e+00             Inf
   7.2000000e+01   4.9999300e+00   1.2000000e+00   9.9869540e-01   3.9875913e-01   3.6255341e+01   9.9938488e-01   3.0000000e-01  -4.0917767e+00  -1.7593975e+00   5.0000000e+00   1.1749848e+00
   7.2000000e+01   5.0000000e+00   1.1979138e+00   1.0000000e+00   4.0000000e-01   3.6021857e+01   1.0000000e+00   2.9998657e-01  -4.1030514e+00  -1.7462498e+00   5.0000000e+00   6.0744629e-01
   7.2000000e+01   5.0000000e+00   1.2000000e+00   1.0000000e+00   4.0000000e-01   3.5897518e+01   1.0000000e+00   2.9999997e-01  -4.1035953e+00  -1.7396760e+00   5.0000000e+00             Inf
   6.7767222e+01   5.0000000e+00   8.1069104e-01   6.7185117e-01   3.6166932e-01   4.2392001e+01   9.7440895e-01   2.9943339e-01  -2.5070233e+00  -1.7725452e+00   6.0000000e+00             Inf
   7.1985641e+01   5.0000000e+00   1.2000000e+00   9.9997771e-01   3.9994725e-01   3.5960589e+01   1.0000000e+00   2.9999997e-01  -4.1002327e+00  -1.7462498e+00   6.0000000e+00             Inf
   7.1898574e+01   4.9975169e+00   1.1877811e+00   1.0000000e+00   3.9885235e-01   3.6315904e+01   9.9969207e-01   3.0000000e-01  -4.0913070e+00  -1.7593975e+00   6.0000000e+00   1.3281151e+00
   6.7843748e+01   4.8655125e+00   9.7177591e-01   9.9055681e-01   3.9947388e-01   4.3192807e+01   8.6410246e-01   2.9995869e-01  -3.1791744e+00  -1.7659713e+00   6.0000000e+00   1.4943976e+00
   7.1985466e+01   5.0000000e+00   1.2000000e+00   1.0000000e+00   3.9998779e-01   3.5929901e+01   1.0000000e+00   2.9999997e-01  -4.0983536e+00  -1.7462498e+00   7.0000000e+00   4.0737006e-01
   7.2000000e+01   4.9995525e+00   1.1806666e+00   1.0000000e+00   4.0000000e-01   3.5836422e+01   9.9885276e-01   3.0000000e-01  -4.0998371e+00  -1.7396760e+00   7.0000000e+00             Inf
   6.7863871e+01   4.9957465e+00   8.0983909e-01   6.7820448e-01   3.6172845e-01   4.2073505e+01   9.7816511e-01   2.9939119e-01  -2.5492290e+00  -1.7659713e+00   7.0000000e+00   1.3824075e+00
   7.1690492e+01   5.0000000e+00   1.1858965e+00   1.0000000e+00   3.9985071e-01   3.6474706e+01   1.0000000e+00   2.9998985e-01  -4.0716258e+00  -1.7593975e+00   7.0000000e+00   1.3595880e+00
   7.1923811e+01   5.0000000e+00   1.2000000e+00   1.0000000e+00   3.9959837e-01   3.6120464e+01   1.0000000e+00   2.9999932e-01  -4.0880185e+00  -1.7528236e+00   7.0000000e+00   4.1666744e-01
   6.7634544e+01   5.0000000e+00   7.9713794e-01   6.8789784e-01   3.5969796e-01   4.2235521e+01   9.8452982e-01   2.9935255e-01  -2.4962432e+00  -1.7725452e+00   7.0000000e+00             Inf
   7.1991480e+01   4.9974509e+00   1.1822299e+00   9.8630925e-01   4.0000000e-01   3.6160534e+01   1.0000000e+00   3.0000000e-01  -4.0856944e+00  -1.7528236e+00   8.0000000e+00   1.3607214e+00
   7.1982301e+01   4.9992052e+00   1.1995845e+00   9.9945429e-01   3.9994969e-01   3.5907465e+01   9.9646490e-01   2.9999990e-01  -4.0979580e+00  -1.7396760e+00   8.0000000e+00             Inf
   6.7478827e+01   4.9952528e+00   8.5645415e-01   6.8791490e-01   3.5797391e-01   4.2280530e+01   9.7853220e-01   2.9947947e-01  -2.5445560e+00  -1.7659713e+00   8.0000000e+00   4.3219735e-01
   6.8196324e+01   4.9994955e+00   7.9327464e-01   6.4109812e-01   3.5410751e-01   4.1926912e+01   9.7426654e-01   2.9951576e-01  -2.5469049e+00  -1.7593975e+00   8.0000000e+00   1.3616162e+00
   7.1894023e+01   5.0000000e+00   1.1789912e+00   9.9777049e-01   4.0000000e-01   3.6086229e+01   1.0000000e+00   3.0000000e-01  -4.0866092e+00  -1.7462498e+00   8.0000000e+00   4.0765208e-01
   6.7557470e+01   4.9953880e+00   7.9921983e-01   6.8817562e-01   3.5954975e-01   4.2531955e+01   9.7865668e-01   2.9949859e-01  -2.4953036e+00  -1.7725452e+00   8.0000000e+00             Inf
   7.2000000e+01   4.9978344e+00   1.2000000e+00   9.8613937e-01   3.9999955e-01   3.5957592e+01   1.0000000e+00   3.0000000e-01  -4.0847548e+00  -1.7462498e+00   9.0000000e+00             Inf
   6.7503053e+01   4.9972902e+00   8.3168128e-01   6.8589668e-01   3.5997443e-01   4.2344736e+01   9.7933884e-01   2.9948049e-01  -2.5384489e+00  -1.7659713e+00   9.0000000e+00   1.7491170e+00
   6.7467442e+01   4.9995154e+00   8.0985427e-01   6.7621210e-01   3.6127712e-01   4.2626360e+01   9.7557950e-01   2.9952065e-01  -2.4887268e+00  -1.7725452e+00   9.0000000e+00             Inf
   7.2000000e+01   4.9999726e+00   1.1964912e+00   9.8232457e-01   3.9945270e-01   3.6096876e+01   9.9796349e-01   2.9996825e-01  -4.0833455e+00  -1.7528236e+00   9.0000000e+00   1.7188463e+00
   6.7524391e+01   4.9958315e+00   8.0955075e-01   6.9823059e-01   3.5978534e-01   4.2307122e+01   9.7647821e-01   2.9944133e-01  -2.5328363e+00  -1.7659713e+00   1.0000000e+01   1.5929139e+00
   6.7562999e+01   4.9994880e+00   8.0634549e-01   6.5853667e-01   3.6073010e-01   4.2646460e+01   9.7475846e-01   2.9948890e-01  -2.4765126e+00  -1.7725452e+00   1.0000000e+01             Inf
   7.1959381e+01   4.9999590e+00   1.1703490e+00   1.0000000e+00   4.0000000e-01   3.6038906e+01   9.9979407e-01   2.9997933e-01  -4.0814664e+00  -1.7462498e+00   1.0000000e+01   4.0708608e-01
   7.1916127e+01   4.9996157e+00   1.1863559e+00   9.7934884e-01   4.0000000e-01   3.6124775e+01   1.0000000e+00   2.9996880e-01  -4.0701918e+00  -1.7528236e+00   1.0000000e+01   1.5648469e+00
   7.2000000e+01   4.9974267e+00   1.2000000e+00   9.8846784e-01   4.0000000e-01   3.5902433e+01   9.9988385e-01   2.9996997e-01  -4.0815653e+00  -1.7396760e+00   1.0000000e+01             Inf
   6.7464053e+01   4.9972808e+00   8.0273362e-01   6.8851769e-01   3.6136971e-01   4.2306744e+01   9.7921089e-01   2.9945991e-01  -2.5286083e+00  -1.7659713e+00   1.1000000e+01   1.5165894e+00
   7.1765455e+01   4.9681372e+00   9.8123577e-01   9.9018332e-01   3.9918852e-01   3.7543177e+01   9.4224060e-01   2.9999965e-01  -3.9444400e+00  -1.7528236e+00   1.1000000e+01   1.4927014e+00
   6.6399722e+01   4.8702781e+00   7.6477526e-01   7.6441530e-01   3.9974538e-01   4.2859586e+01   1.0000000e+00   3.0000000e-01  -2.4530732e+00  -1.7725452e+00   1.1000000e+01             Inf
   7.1504287e+01   5.0000000e+00   1.2000000e+00   9.7307126e-01   4.0000000e-01   3.6279608e+01   1.0000000e+00   3.0000000e-01  -3.9811073e+00  -1.7462498e+00   1.1000000e+01   4.8341058e-01
   7.1949808e+01   5.0000000e+00   1.1964478e+00   9.9962590e-01   3.9911522e-01   3.5895253e+01   9.9938634e-01   2.9999157e-01  -4.0801560e+00  -1.7396760e+00   1.1000000e+01             Inf
   6.7522138e+01   4.9534267e+00   8.0831491e-01   6.4814029e-01   3.5372021e-01   4.2861754e+01   9.8024809e-01   2.9766625e-01  -2.4488452e+00  -1.7725452e+00   1.2000000e+01             Inf
   6.7522280e+01   4.9550718e+00   8.0842082e-01   6.4836243e-01   3.5331311e-01   4.2846195e+01   9.8029358e-01   2.9767950e-01  -2.4488452e+00  -1.7725452e+00   1.2000000e+01   0.0000000e+00
   6.7523010e+01   4.9517234e+00   8.0840978e-01   6.4815389e-01   3.5379867e-01   4.2850374e+01   9.8020356e-01   2.9762268e-01  -2.4488452e+00  -1.7725452e+00   1.2000000e+01   0.0000000e+00
   6.7527716e+01   4.9537545e+00   8.0832683e-01   6.5108434e-01   3.5376303e-01   4.2856840e+01   9.8058945e-01   2.9755929e-01  -2.4488452e+00  -1.7725452e+00   1.2000000e+01   0.0000000e+00
   6.7523381e+01   4.9531951e+00   8.0886318e-01   6.4999645e-01   3.5328435e-01   4.2858082e+01   9.8035303e-01   2.9770595e-01  -2.4488452e+00  -1.7725452e+00   1.2000000e+01   0.0000000e+00
   7.1879916e+01   4.9669598e+00   9.9819196e-01   9.8920822e-01   3.9970155e-01   3.7414134e+01   9.4721815e-01   3.0000000e-01  -3.9416461e+00  -1.7528236e+00   1.2000000e+01   1.7516083e+00
   6.7456219e+01   4.9999778e+00   7.9261962e-01   6.4448128e-01   3.5886388e-01   4.2899024e+01   9.7635397e-01   2.9950279e-01  -2.4488452e+00  -1.7725452e+00   1.2000000e+01             Inf
   7.2000000e+01   5.0000000e+00   1.2000000e+00   9.7644578e-01   3.9888903e-01   3.5939233e+01   9.9849180e-01   3.0000000e-01  -4.0777082e+00  -1.7396760e+00   1.2000000e+01             Inf
   6.7377034e+01   4.9972484e+00   7.9773818e-01   7.1176886e-01   3.6247783e-01   4.2444241e+01   9.7942565e-01   2.9944793e-01  -2.5276687e+00  -1.7659713e+00   1.2000000e+01   1.5164681e+00
   6.7463245e+01   4.9837759e+00   7.9649893e-01   6.9562573e-01   3.5883980e-01   4.2427923e+01   9.7773303e-01   2.9947031e-01  -2.5271990e+00  -1.7659713e+00   1.3000000e+01   1.0306259e+00
   6.7463228e+01   4.9828530e+00   7.9647494e-01   6.9597061e-01   3.5845806e-01   4.2436990e+01   9.7773496e-01   2.9946987e-01  -2.5271990e+00  -1.7659713e+00   1.3000000e+01   0.0000000e+00
   6.7464704e+01   4.9827785e+00   7.9564906e-01   6.9589906e-01   3.5878020e-01   4.2430729e+01   9.7768306e-01   2.9946652e-01  -2.5271990e+00  -1.7659713e+00   1.3000000e+01   0.0000000e+00
   7.1730665e+01   4.9676602e+00   9.8160152e-01   9.9034909e-01   3.9922682e-01   3.7410120e+01   9.4483760e-01   3.0000000e-01  -3.9374181e+00  -1.7528236e+00   1.3000000e+01   1.6160585e+00
   6.7334461e+01   5.0000000e+00   8.0737248e-01   6.4239379e-01   3.5845090e-01   4.2922916e+01   9.7900244e-01   2.9950174e-01  -2.4450870e+00  -1.7725452e+00   1.3000000e+01             Inf
   6.7336226e+01   4.9999994e+00   8.0737752e-01   6.3922664e-01   3.5841242e-01   4.2926345e+01   9.7936102e-01   2.9950132e-01  -2.4450870e+00  -1.7725452e+00   1.3000000e+01             Inf
   6.7476020e+01   4.9830879e+00   7.9586027e-01   6.9566021e-01   3.5869571e-01   4.2431206e+01   9.7770830e-01   2.9946726e-01  -2.5271990e+00  -1.7659713e+00   1.3000000e+01   3.8363856e-01
   7.2000000e+01   4.9967576e+00   1.1882595e+00   9.8628655e-01   3.9999957e-01   3.5955055e+01   9.9253871e-01   2.9999991e-01  -4.0768675e+00  -1.7396760e+00   1.3000000e+01   5.8573549e-01
   7.2000000e+01   4.9945269e+00   1.2000000e+00   1.0000000e+00   3.9884785e-01   3.5713024e+01   1.0000000e+00   3.0000000e-01  -4.0773620e+00  -1.7331021e+00   1.3000000e+01             Inf
   6.7462451e+01   4.9981721e+00   8.0205426e-01   6.8786976e-01   3.6174887e-01   4.2297633e+01   9.7913098e-01   2.9946026e-01  -2.5248748e+00  -1.7659713e+00   1.4000000e+01   1.4143632e+00
   7.1735698e+01   4.9675528e+00   9.8171853e-01   9.9033358e-01   3.9924345e-01   3.7400873e+01   9.4487817e-01   3.0000000e-01  -3.9364786e+00  -1.7528236e+00   1.4000000e+01   1.7841577e+00
   6.7323367e+01   5.0000000e+00   8.0681082e-01   6.4509774e-01   3.5831658e-01   4.2925407e+01   9.7907433e-01   2.9949952e-01  -2.4446420e+00  -1.7725452e+00   1.4000000e+01             Inf
   7.2000000e+01   5.0000000e+00   1.1993911e+00   9.8534752e-01   3.9757105e-01   3.5632268e+01   9.9957112e-01   3.0000000e-01  -4.0761999e+00  -1.7331021e+00   1.4000000e+01             Inf
   6.7463137e+01   4.9971815e+00   8.0201793e-01   6.9341755e-01   3.6122587e-01   4.2316357e+01   9.7913241e-01   2.9945989e-01  -2.5243803e+00  -1.7659713e+00   1.5000000e+01   1.0288580e+00
   6.7469434e+01   4.9972429e+00   8.0291057e-01   6.8880877e-01   3.6135365e-01   4.2307365e+01   9.7915138e-01   2.9945979e-01  -2.5243803e+00  -1.7659713e+00   1.5000000e+01   3.8226253e-01
   6.7324636e+01   4.9999919e+00   8.0677310e-01   6.4546196e-01   3.5837942e-01   4.2935745e+01   9.7917250e-01   2.9950022e-01  -2.4446172e+00  -1.7725452e+00   1.5000000e+01             Inf
   7.1704058e+01   4.9663115e+00   9.9055148e-01   9.8532656e-01   4.0000000e-01   3.7431475e+01   9.4486140e-01   2.9997287e-01  -3.9313358e+00  -1.7462498e+00   1.5000000e+01   5.8887945e-01
   7.1697747e+01   5.0000000e+00   1.1753508e+00   1.0000000e+00   4.0000000e-01   3.5759075e+01   1.0000000e+00   2.9998909e-01  -4.0747906e+00  -1.7331021e+00   1.5000000e+01             Inf
   7.1846030e+01   4.9653682e+00   9.7465483e-01   9.7645347e-01   4.0000000e-01   3.7401493e+01   9.4875642e-01   2.9998077e-01  -3.9299017e+00  -1.7528236e+00   1.5000000e+01   1.3630710e+00
   6.6391202e+01   4.8677290e+00   7.4700512e-01   7.5072455e-01   3.9975477e-01   4.2943178e+01   1.0000000e+00   3.0000000e-01  -2.4375706e+00  -1.7725452e+00   1.6000000e+01             Inf
   7.1856783e+01   5.0000000e+00   1.1968369e+00   9.8350544e-01   3.9765983e-01   3.5666284e+01   9.9673618e-01   3.0000000e-01  -4.0743208e+00  -1.7265283e+00   1.6000000e+01             Inf
   6.7468976e+01   4.9802001e+00   7.9562998e-01   6.9766052e-01   3.5855825e-01   4.2437222e+01   9.7768974e-01   2.9946643e-01  -2.5234408e+00  -1.7659713e+00   1.6000000e+01   1.3394902e+00
   7.1634284e+01   4.9999129e+00   1.2000000e+00   9.9618562e-01   3.9941043e-01   3.6031546e+01   9.9769346e-01   3.0000000e-01  -4.0319421e+00  -1.7331021e+00   1.6000000e+01   6.6050981e-01
   7.1845048e+01   4.9668869e+00   9.7618628e-01   9.7596787e-01   3.9999998e-01   3.7330814e+01   9.5129670e-01   2.9998164e-01  -3.9285171e+00  -1.7528236e+00   1.6000000e+01   1.6359299e+00
   7.1795922e+01   4.9634642e+00   9.5857628e-01   1.0000000e+00   3.9999829e-01   3.7330290e+01   9.4400539e-01   2.9995862e-01  -3.9256984e+00  -1.7462498e+00   1.7000000e+01   1.4427713e-01
   7.1810197e+01   4.9629407e+00   9.5756316e-01   1.0000000e+00   3.9999808e-01   3.7378892e+01   9.4079617e-01   2.9995802e-01  -3.9256984e+00  -1.7462498e+00   1.7000000e+01   9.9986189e-01
   6.7456263e+01   5.0000000e+00   7.9274882e-01   6.3961690e-01   3.5894043e-01   4.2905626e+01   9.7640327e-01   2.9949944e-01  -2.4371008e+00  -1.7725452e+00   1.7000000e+01             Inf
   7.1876368e+01   4.9675188e+00   9.9184334e-01   9.7734380e-01   4.0000000e-01   3.7087311e+01   9.4656875e-01   2.9999688e-01  -3.9280226e+00  -1.7396760e+00   1.7000000e+01   5.1908776e-01
   6.7381867e+01   4.9976236e+00   8.0005941e-01   6.9760650e-01   3.6045906e-01   4.2140236e+01   9.7991865e-01   2.9948702e-01  -2.5229957e+00  -1.7528236e+00   1.7000000e+01   1.2873134e+00
   7.1850965e+01   5.0000000e+00   1.1968970e+00   9.8327800e-01   3.9765051e-01   3.5699984e+01   9.9681455e-01   3.0000000e-01  -4.0738511e+00  -1.7265283e+00   1.7000000e+01             Inf
   6.7967546e+01   4.9975370e+00   8.1469974e-01   6.7891284e-01   3.5591493e-01   4.2003232e+01   9.7903938e-01   2.9947232e-01  -2.5201523e+00  -1.7659713e+00   1.7000000e+01   4.8105036e-01
   6.7562201e+01   4.9981280e+00   8.1320340e-01   6.7347223e-01   3.6022062e-01   4.2320970e+01   9.7627511e-01   2.9946326e-01  -2.5056140e+00  -1.7659713e+00   1.8000000e+01   3.3216407e-01
   7.1845084e+01   4.9658101e+00   9.6444573e-01   9.7611505e-01   4.0000000e-01   3.7328276e+01   9.4383540e-01   2.9998155e-01  -3.9228798e+00  -1.7462498e+00   1.8000000e+01   1.6678359e+00
   7.2000000e+01   5.0000000e+00   1.2000000e+00   9.7537344e-01   3.9736768e-01   3.5568357e+01   9.9971893e-01   2.9999145e-01  -4.0729362e+00  -1.7265283e+00   1.8000000e+01             Inf
   6.6417750e+01   4.8715303e+00   7.4439643e-01   7.5143036e-01   4.0000000e-01   4.2946307e+01   9.9933935e-01   3.0000000e-01  -2.4366558e+00  -1.7725452e+00   1.8000000e+01             Inf
   6.7671325e+01   4.9975783e+00   8.0343250e-01   6.7940025e-01   3.6042263e-01   4.2070057e+01   9.7840079e-01   2.9948555e-01  -2.5126606e+00  -1.7593975e+00   1.8000000e+01   1.2947223e+00
   6.6441553e+01   4.8691905e+00   7.4843079e-01   7.4835714e-01   4.0000000e-01   4.2947087e+01   1.0000000e+00   2.9996745e-01  -2.4366558e+00  -1.7725452e+00   1.8000000e+01             Inf
   6.7682641e+01   4.9978877e+00   8.0364371e-01   6.7916141e-01   3.6033813e-01   4.2070533e+01   9.7842602e-01   2.9948629e-01  -2.5126359e+00  -1.7593975e+00   1.9000000e+01   1.2875681e+00
   7.1804376e+01   5.0000000e+00   1.2000000e+00   9.2387202e-01   4.0000000e-01   3.7609824e+01   1.0000000e+00   2.5815057e-01  -3.9097013e+00  -1.7462498e+00   1.9000000e+01   1.6675766e+00
   7.2000000e+01   5.0000000e+00   1.1839184e+00   9.9953905e-01   3.9382004e-01   3.5505367e+01   1.0000000e+00   2.9999583e-01  -4.0729115e+00  -1.7265283e+00   1.9000000e+01             Inf
   6.6395134e+01   4.8648540e+00   7.4265748e-01   7.5113515e-01   3.9910673e-01   4.2915430e+01   9.9897579e-01   2.9999759e-01  -2.4361860e+00  -1.7725452e+00   1.9000000e+01             Inf
   6.7648824e+01   5.0000000e+00   8.1557107e-01   6.7922714e-01   3.6056603e-01   4.2281998e+01   9.7548737e-01   2.9943696e-01  -2.5037596e+00  -1.7659713e+00   1.9000000e+01   3.3242335e-01
   6.7570821e+01   4.9981533e+00   8.1478707e-01   6.7436942e-01   3.6020970e-01   4.2321681e+01   9.7637157e-01   2.9946332e-01  -2.5018558e+00  -1.7659713e+00   2.0000000e+01   1.4344731e-01
   6.7573553e+01   4.9981774e+00   8.1542020e-01   6.7434564e-01   3.6020008e-01   4.2305107e+01   9.7630823e-01   2.9946426e-01  -2.5028200e+00  -1.7593975e+00   2.0000000e+01   1.4101465e+00
   6.7582481e+01   4.9981620e+00   8.1477079e-01   6.7545294e-01   3.6006576e-01   4.2319313e+01   9.7718796e-01   2.9946080e-01  -2.5018558e+00  -1.7659713e+00   2.0000000e+01   0.0000000e+00
   6.7570509e+01   4.9981220e+00   8.1374473e-01   6.7472615e-01   3.6015013e-01   4.2321488e+01   9.7630218e-01   2.9946303e-01  -2.5018558e+00  -1.7659713e+00   2.0000000e+01   1.8333654e-01
   7.1653044e+01   4.9676363e+00   9.7374710e-01   9.8697208e-01   4.0000000e-01   3.7477134e+01   9.4421793e-01   3.0000000e-01  -3.8722428e+00  -1.7396760e+00   2.0000000e+01   1.4129915e+00
   7.1622787e+01   4.9667537e+00   9.8859296e-01   9.8951551e-01   3.9977690e-01   3.7255353e+01   9.4564764e-01   3.0000000e-01  -3.8778554e+00  -1.7331021e+00   2.0000000e+01   4.0651691e-01
   7.2000000e+01   5.0000000e+00   1.1993950e+00   9.8495585e-01   3.9758189e-01   3.5629780e+01   1.0000000e+00   3.0000000e-01  -4.0696231e+00  -1.7265283e+00   2.0000000e+01             Inf
   6.6366915e+01   4.8604605e+00   7.4447160e-01   7.5820678e-01   3.9826570e-01   4.2968453e+01   1.0000000e+00   3.0000000e-01  -2.4357162e+00  -1.7725452e+00   2.0000000e+01             Inf
   7.2000000e+01   5.0000000e+00   1.1807514e+00   9.9208124e-01   3.9999970e-01   3.5342955e+01   1.0000000e+00   2.9999941e-01  -4.0672989e+00  -1.7199545e+00   2.1000000e+01             Inf
   6.6323571e+01   4.8717253e+00   7.4879417e-01   7.5148210e-01   4.0000000e-01   4.2940471e+01   1.0000000e+00   2.9996582e-01  -2.4324525e+00  -1.7725452e+00   2.1000000e+01             Inf
   7.1666427e+01   4.9675169e+00   9.6545496e-01   9.9138561e-01   4.0000000e-01   3.7416040e+01   9.4546384e-01   3.0000000e-01  -3.8689544e+00  -1.7396760e+00   2.1000000e+01   1.6860113e+00
   6.7569201e+01   4.9981217e+00   8.1408371e-01   6.7406636e-01   3.6020713e-01   4.2321636e+01   9.7629358e-01   2.9946323e-01  -2.5014107e+00  -1.7659713e+00   2.1000000e+01   9.6149673e-01
