 
Template prop                                   

   2       ! Nblades

   0.0000  6.2832    ! CL0    CL_a 
  -0.8000  1.2000    ! CLmin  CLmax

   0.01000  0.00800  0.00600  0.4000    ! CD0    CD2u  CD2l  CLCD0
   150000.0  -0.500            ! REref  REexp

   1.0000  1.0000  1.0000   !  Rfac   Cfac   Bfac
   0.0000  0.0000  0.0000   !  Radd   Cadd   Badd
 
#        r            c        beta
   0.10300      0.89320      36.8102
   0.12900      0.75769      31.1835
   0.15400      0.65712      27.0619
   0.18000      0.57985      23.9335
   0.20600      0.51899      21.4837
   0.23200      0.47007      19.5138
   0.25800      0.43005      17.8934
   0.28300      0.39680      16.9346
   0.30900      0.36882      15.3756
   0.33500      0.34499      14.3727
   0.36100      0.32449      13.4837
   0.38600      0.30669      12.7143
   0.41200      0.29112      12.0164
   0.43800      0.27739      11.3855
   0.46400      0.26521      10.8105
   0.48900      0.25434      10.2824
   0.51500      0.24456      09.7941
   0.54100      0.23570      09.3396
   0.56700      0.22760      08.9142
   0.59300      0.22011      08.5137
   0.61800      0.21306      08.1348
   0.64400      0.20626      07.7745
   0.67000      0.19947      07.4304
   0.69600      0.19233      07.1002
   0.72100      0.18436      06.7820
   