   6.8453807e+01   3.6570482e+00   9.2145520e-01   4.0298084e-01   2.2554950e-01   4.7165822e+01   9.6411682e-01   2.7737021e-01  -1.5145590e+00  -1.7659713e+00   1.0000000e+00             Inf
   6.8494649e+01   3.6520432e+00   9.7758060e-01   4.0000000e-01   2.1657713e-01   4.6935746e+01   9.7273366e-01   2.4860830e-01  -1.5549597e+00  -1.7396760e+00   1.0000000e+00   2.1947244e-01
   6.8518351e+01   3.6490886e+00   9.8065500e-01   4.0438343e-01   2.2025421e-01   4.7167022e+01   9.6445153e-01   2.5762079e-01  -1.5530806e+00  -1.7528236e+00   1.0000000e+00   3.7492590e-01
   7.1773521e+01   3.0156255e+00   1.1429170e+00   5.3615435e-01   3.8500233e-01   4.1754527e+01   5.7714034e-01   4.5583354e-01  -1.9674234e+00  -1.6739376e+00   1.0000000e+00             Inf
   6.8448578e+01   3.6164672e+00   9.8263140e-01   4.1022797e-01   2.1385949e-01   4.7093327e+01   9.8010435e-01   2.3503240e-01  -1.5554295e+00  -1.7331021e+00   1.0000000e+00   1.6250741e+00
   6.8174578e+01   3.6424304e+00   9.7778935e-01   4.0207002e-01   2.1333981e-01   4.8139000e+01   9.8464477e-01   2.5161179e-01  -1.4877817e+00  -1.7593975e+00   2.0000000e+00             Inf
   6.8173231e+01   3.6426681e+00   9.7779121e-01   4.0206383e-01   2.1329403e-01   4.8139181e+01   9.8448157e-01   2.5153038e-01  -1.4877817e+00  -1.7593975e+00   2.0000000e+00   0.0000000e+00
   6.8606117e+01   3.6110594e+00   9.8332349e-01   4.0514050e-01   2.1364171e-01   4.7150218e+01   9.7309494e-01   2.5147723e-01  -1.5150287e+00  -1.7462498e+00   2.0000000e+00   1.6609505e-01
   6.8480387e+01   3.6149147e+00   9.8042831e-01   4.0283311e-01   2.1366985e-01   4.7119853e+01   9.7510395e-01   2.4863251e-01  -1.5150287e+00  -1.7462498e+00   2.0000000e+00   0.0000000e+00
   6.8173260e+01   3.6425543e+00   9.7766952e-01   4.0206706e-01   2.1337048e-01   4.8162395e+01   9.8470052e-01   2.5160889e-01  -1.4877817e+00  -1.7593975e+00   2.0000000e+00             Inf
   6.8421096e+01   3.5883341e+00   9.8253991e-01   4.0342065e-01   2.1410418e-01   4.7165050e+01   9.8719433e-01   2.4803632e-01  -1.5108007e+00  -1.7528236e+00   2.0000000e+00   2.1541728e-01
   7.1713453e+01   2.9966563e+00   1.1470500e+00   5.3871032e-01   3.7243870e-01   4.1848300e+01   5.8681525e-01   4.5455780e-01  -1.9303110e+00  -1.6739376e+00   2.0000000e+00             Inf
   6.8605458e+01   3.6105674e+00   9.8326361e-01   4.0516554e-01   2.1363750e-01   4.7150308e+01   9.7313836e-01   2.5148152e-01  -1.5150287e+00  -1.7462498e+00   2.0000000e+00   8.6477217e-02
   6.8576938e+01   3.6334865e+00   9.7712979e-01   4.0783665e-01   2.1368844e-01   4.7380275e+01   9.6597846e-01   2.4155621e-01  -1.5544899e+00  -1.7396760e+00   2.0000000e+00   1.7845827e+00
   6.8480123e+01   3.6150739e+00   9.7939474e-01   4.0254559e-01   2.1370464e-01   4.7141198e+01   9.7668884e-01   2.4867927e-01  -1.5145590e+00  -1.7462498e+00   3.0000000e+00             Inf
   7.1689752e+01   2.9996110e+00   1.1439756e+00   5.2651738e-01   3.6876162e-01   4.1617023e+01   5.9509738e-01   4.4554531e-01  -1.9213853e+00  -1.6607899e+00   3.0000000e+00             Inf
   6.8479617e+01   3.6151991e+00   9.8035791e-01   4.0275412e-01   2.1370006e-01   4.7143471e+01   9.7514877e-01   2.4861353e-01  -1.5145590e+00  -1.7462498e+00   3.0000000e+00             Inf
   6.8366029e+01   3.7798600e+00   1.0022721e+00   4.0000000e-01   2.1411344e-01   4.7178418e+01   8.7034005e-01   2.7683437e-01  -1.5305314e+00  -1.6936591e+00   3.0000000e+00   1.9196127e+00
   7.1728487e+01   3.0334970e+00   1.1442950e+00   5.2814645e-01   3.7531593e-01   4.1640649e+01   5.8438858e-01   4.5455513e-01  -1.9199759e+00  -1.6673638e+00   3.0000000e+00   1.3453544e+00
   6.8479069e+01   3.6150386e+00   9.8030848e-01   4.0283015e-01   2.1370052e-01   4.7143249e+01   9.7515969e-01   2.4862960e-01  -1.5145590e+00  -1.7462498e+00   3.0000000e+00   0.0000000e+00
