   6.8599162e+01   4.8645873e+01   4.0000000e+00  -2.2258004e+00  -1.3039340e+00   1.0000000e+00             Inf
   6.8066601e+01   4.9245576e+01   4.0000000e+00  -2.2102977e+00  -1.3203576e+00   1.0000000e+00             Inf
   6.8463977e+01   4.8747685e+01   4.0000000e+00  -2.2225119e+00  -1.3039340e+00   2.0000000e+00             Inf
   6.8164264e+01   4.9082611e+01   4.0000000e+00  -2.2060697e+00  -1.3148831e+00   2.0000000e+00             Inf
   6.8175321e+01   4.9091728e+01   4.0000000e+00  -2.2060697e+00  -1.3148831e+00   2.0000000e+00   0.0000000e+00
   6.8634597e+01   4.8652314e+01   4.0000000e+00  -2.2225119e+00  -1.3039340e+00   2.0000000e+00             Inf
   6.8163931e+01   4.9084300e+01   4.0000000e+00  -2.2060697e+00  -1.3148831e+00   2.0000000e+00             Inf
   6.8016182e+01   4.9226992e+01   4.0000000e+00  -2.2037209e+00  -1.3148831e+00   3.0000000e+00             Inf
   6.8582774e+01   4.8601850e+01   4.0000000e+00  -2.2211026e+00  -1.3039340e+00   3.0000000e+00             Inf
   6.8128440e+01   4.8922408e+01   4.0000000e+00  -2.2041906e+00  -1.3094085e+00   3.0000000e+00   5.2702703e-01
   6.8129191e+01   4.8927002e+01   4.0000000e+00  -2.2041906e+00  -1.3094085e+00   3.0000000e+00   1.4729730e+00
   6.8129408e+01   4.8906950e+01   4.0000000e+00  -2.1994929e+00  -1.3094085e+00   4.0000000e+00             Inf
   6.8128432e+01   4.8906007e+01   4.0000000e+00  -2.1994929e+00  -1.3094085e+00   4.0000000e+00             Inf
   6.8632399e+01   4.8638876e+01   4.0000000e+00  -2.2206328e+00  -1.3039340e+00   4.0000000e+00             Inf
   6.8656611e+01   4.8631321e+01   4.0000000e+00  -2.2206328e+00  -1.3039340e+00   4.0000000e+00             Inf
   6.8340219e+01   4.8716431e+01   4.0000000e+00  -2.1994929e+00  -1.2984595e+00   5.0000000e+00             Inf
   6.8342452e+01   4.8716132e+01   4.0000000e+00  -2.1994929e+00  -1.2984595e+00   5.0000000e+00             Inf
   6.8343427e+01   4.8717076e+01   4.0000000e+00  -2.1994929e+00  -1.2984595e+00   5.0000000e+00   0.0000000e+00
   6.8114316e+01   4.8877600e+01   4.0000000e+00  -2.1985533e+00  -1.3094085e+00   5.0000000e+00             Inf
   6.8131640e+01   4.8906652e+01   4.0000000e+00  -2.1985533e+00  -1.3094085e+00   5.0000000e+00             Inf
   6.8209683e+01   4.8833695e+01   4.0000000e+00  -2.1957347e+00  -1.3039340e+00   6.0000000e+00   0.0000000e+00
   6.8209457e+01   4.8742289e+01   4.0000000e+00  -2.1957347e+00  -1.3039340e+00   6.0000000e+00   0.0000000e+00
   6.8209463e+01   4.8744427e+01   4.0000000e+00  -2.1957347e+00  -1.3039340e+00   6.0000000e+00   0.0000000e+00
   6.8209457e+01   4.8742288e+01   4.0000000e+00  -2.1957347e+00  -1.3039340e+00   6.0000000e+00   0.0000000e+00
   6.8209446e+01   4.8744586e+01   4.0000000e+00  -2.1957347e+00  -1.3039340e+00   6.0000000e+00   0.0000000e+00
   6.8211062e+01   4.8743779e+01   4.0000000e+00  -2.1957347e+00  -1.3039340e+00   6.0000000e+00   0.0000000e+00
   6.8209452e+01   4.8744407e+01   4.0000000e+00  -2.1957347e+00  -1.3039340e+00   6.0000000e+00   0.0000000e+00
   6.8359191e+01   4.8700759e+01   4.0000000e+00  -2.1980835e+00  -1.2984595e+00   6.0000000e+00             Inf
   6.8209061e+01   4.8833932e+01   4.0000000e+00  -2.1957347e+00  -1.3039340e+00   6.0000000e+00   0.0000000e+00
   6.8209058e+01   4.8824935e+01   4.0000000e+00  -2.1957347e+00  -1.3039340e+00   6.0000000e+00   0.0000000e+00
   6.8209445e+01   4.8744588e+01   4.0000000e+00  -2.1957347e+00  -1.3039340e+00   6.0000000e+00   0.0000000e+00
   6.8209045e+01   4.8822977e+01   4.0000000e+00  -2.1957347e+00  -1.3039340e+00   6.0000000e+00   1.3717949e+00
   6.8097840e+01   4.8654754e+01   4.0000000e+00  -2.1957347e+00  -1.3039340e+00   6.0000000e+00   0.0000000e+00
   6.8209052e+01   4.8822798e+01   4.0000000e+00  -2.1957347e+00  -1.3039340e+00   6.0000000e+00   6.2820513e-01
   6.7890344e+01   4.9277774e+01   4.0000000e+00  -2.1797623e+00  -1.3094085e+00   6.0000000e+00             Inf
   6.8215918e+01   4.8704301e+01   4.0000000e+00  -2.1943253e+00  -1.3039340e+00   7.0000000e+00             Inf
   6.7989589e+01   4.9215884e+01   4.0000000e+00  -2.1769436e+00  -1.3094085e+00   7.0000000e+00             Inf
   6.8278410e+01   4.8486274e+01   4.0000000e+00  -2.1938556e+00  -1.2984595e+00   8.0000000e+00             Inf
   6.7958733e+01   4.9241545e+01   4.0000000e+00  -2.1764738e+00  -1.3094085e+00   8.0000000e+00             Inf
   6.8210986e+01   4.8628448e+01   4.0000000e+00  -2.1868089e+00  -1.2984595e+00   9.0000000e+00             Inf
   6.7982945e+01   4.9233989e+01   4.0000000e+00  -2.1755343e+00  -1.3094085e+00   9.0000000e+00             Inf
   6.7989837e+01   4.9019440e+01   4.0000000e+00  -2.1684876e+00  -1.3039340e+00   1.0000000e+01             Inf
   6.8058976e+01   4.8552659e+01   4.0000000e+00  -2.1835205e+00  -1.2984595e+00   1.0000000e+01             Inf
   6.7979363e+01   4.9007708e+01   4.0000000e+00  -2.1675481e+00  -1.3039340e+00   1.1000000e+01             Inf
   6.7990753e+01   4.9015136e+01   4.0000000e+00  -2.1675481e+00  -1.3039340e+00   1.1000000e+01             Inf
   6.8138738e+01   4.8479180e+01   4.0000000e+00  -2.1835205e+00  -1.2929849e+00   1.1000000e+01             Inf
   6.8173517e+01   4.8550956e+01   4.0000000e+00  -2.1835205e+00  -1.2929849e+00   1.1000000e+01             Inf
   6.8045657e+01   4.8562936e+01   4.0000000e+00  -2.1797623e+00  -1.2984595e+00   1.1000000e+01   2.0000000e+00
   6.8136168e+01   4.8525834e+01   4.0000000e+00  -2.1835205e+00  -1.2929849e+00   1.1000000e+01   0.0000000e+00
   6.8182738e+01   4.8464259e+01   4.0000000e+00  -2.1835205e+00  -1.2929849e+00   1.1000000e+01   0.0000000e+00
