   6.8117074e+01   4.5577813e+01   4.0000000e+00  -2.0604391e+00  -1.2053924e+00   1.0000000e+00             Inf
   6.8112706e+01   4.5553872e+01   4.0000000e+00  -2.0590297e+00  -1.2053924e+00   2.0000000e+00             Inf
   6.8114293e+01   4.5537778e+01   4.0000000e+00  -2.0590297e+00  -1.2053924e+00   2.0000000e+00             Inf
   6.8114023e+01   4.5526651e+01   4.0000000e+00  -2.0590297e+00  -1.2053924e+00   2.0000000e+00             Inf
   6.8107470e+01   4.5526655e+01   4.0000000e+00  -2.0590297e+00  -1.2053924e+00   2.0000000e+00             Inf
   6.8112634e+01   4.5541679e+01   4.0000000e+00  -2.0590297e+00  -1.2053924e+00   2.0000000e+00             Inf
   6.8114311e+01   4.5497135e+01   4.0000000e+00  -2.0557413e+00  -1.1999179e+00   3.0000000e+00             Inf
   6.8300182e+01   4.5170166e+01   4.0000000e+00  -2.0468156e+00  -1.1889688e+00   4.0000000e+00             Inf
   6.8283218e+01   4.5126175e+01   4.0000000e+00  -2.0463458e+00  -1.1889688e+00   5.0000000e+00             Inf
   6.8280518e+01   4.5143160e+01   4.0000000e+00  -2.0463458e+00  -1.1889688e+00   5.0000000e+00             Inf
   6.8288455e+01   4.5153392e+01   4.0000000e+00  -2.0463458e+00  -1.1889688e+00   5.0000000e+00             Inf
   6.8283731e+01   4.5142255e+01   4.0000000e+00  -2.0463458e+00  -1.1889688e+00   5.0000000e+00             Inf
   6.8284971e+01   4.5143294e+01   4.0000000e+00  -2.0463458e+00  -1.1889688e+00   5.0000000e+00             Inf
   6.8284525e+01   4.5142259e+01   4.0000000e+00  -2.0463458e+00  -1.1889688e+00   5.0000000e+00             Inf
   6.8281632e+01   4.5142269e+01   4.0000000e+00  -2.0463458e+00  -1.1889688e+00   5.0000000e+00             Inf
   6.8278850e+01   4.5102234e+01   4.0000000e+00  -2.0458760e+00  -1.1889688e+00   6.0000000e+00             Inf
   6.8344166e+01   4.5097215e+01   4.0000000e+00  -2.0430574e+00  -1.1834943e+00   7.0000000e+00             Inf
   6.8215913e+01   4.5157065e+01   4.0000000e+00  -2.0411782e+00  -1.1889688e+00   7.0000000e+00             Inf
   6.8220037e+01   4.5157444e+01   4.0000000e+00  -2.0411782e+00  -1.1889688e+00   7.0000000e+00             Inf
   6.8343928e+01   4.5099266e+01   4.0000000e+00  -2.0430574e+00  -1.1834943e+00   7.0000000e+00             Inf
