   6.3738335e+01   4.8908559e+01   5.0000000e+00  -2.1412406e+00  -1.2875104e+00   1.0000000e+00             Inf
   6.3548159e+01   4.9103647e+01   5.0000000e+00  -2.1351335e+00  -1.2875104e+00   2.0000000e+00             Inf
   6.3546043e+01   4.8972058e+01   5.0000000e+00  -2.1262078e+00  -1.2820359e+00   3.0000000e+00             Inf
   6.3654680e+01   4.8597418e+01   5.0000000e+00  -2.1280869e+00  -1.2765613e+00   3.0000000e+00             Inf
   6.3655437e+01   4.8600102e+01   5.0000000e+00  -2.1280869e+00  -1.2765613e+00   3.0000000e+00             Inf
   6.3655688e+01   4.8594377e+01   5.0000000e+00  -2.1266775e+00  -1.2765613e+00   4.0000000e+00             Inf
   6.3502138e+01   4.8989628e+01   5.0000000e+00  -2.1252682e+00  -1.2820359e+00   4.0000000e+00             Inf
   6.3500783e+01   4.8992270e+01   5.0000000e+00  -2.1252682e+00  -1.2820359e+00   4.0000000e+00             Inf
   6.3529823e+01   4.8877272e+01   5.0000000e+00  -2.1252682e+00  -1.2820359e+00   4.0000000e+00   0.0000000e+00
   6.3503271e+01   4.8921097e+01   5.0000000e+00  -2.1196309e+00  -1.2765613e+00   5.0000000e+00             Inf
   6.3553972e+01   4.8701584e+01   5.0000000e+00  -2.1172820e+00  -1.2765613e+00   6.0000000e+00             Inf
   6.3552964e+01   4.8704626e+01   5.0000000e+00  -2.1172820e+00  -1.2765613e+00   6.0000000e+00             Inf
   6.3553215e+01   4.8698900e+01   5.0000000e+00  -2.1172820e+00  -1.2765613e+00   6.0000000e+00             Inf
   6.3439570e+01   4.8945849e+01   5.0000000e+00  -2.1107051e+00  -1.2765613e+00   7.0000000e+00             Inf
   6.3535538e+01   4.8591310e+01   5.0000000e+00  -2.1135238e+00  -1.2710868e+00   7.0000000e+00             Inf
   6.3438215e+01   4.8948491e+01   5.0000000e+00  -2.1107051e+00  -1.2765613e+00   7.0000000e+00             Inf
   6.3439027e+01   4.8968810e+01   5.0000000e+00  -2.1107051e+00  -1.2765613e+00   7.0000000e+00   0.0000000e+00
   6.3437893e+01   4.8896406e+01   5.0000000e+00  -2.1064772e+00  -1.2765613e+00   8.0000000e+00             Inf
   6.3346705e+01   4.8896764e+01   5.0000000e+00  -2.0721835e+00  -1.2656123e+00   9.0000000e+00             Inf
   6.3458878e+01   4.8424986e+01   5.0000000e+00  -2.0914443e+00  -1.2601377e+00   9.0000000e+00             Inf
   6.3267308e+01   4.8717875e+01   5.0000000e+00  -2.0670159e+00  -1.2656123e+00   1.0000000e+01             Inf
   6.3278673e+01   4.8716724e+01   5.0000000e+00  -2.0670159e+00  -1.2656123e+00   1.0000000e+01             Inf
   7.0448403e+01   4.2472709e+01   4.0000000e+00  -2.0872163e+00  -1.1287490e+00   1.0000000e+01             Inf
   6.3437780e+01   4.8190477e+01   5.0000000e+00  -2.0778208e+00  -1.2546632e+00   1.0000000e+01   2.0000000e+00
   6.3677087e+01   4.7453171e+01   5.0000000e+00  -2.0759417e+00  -1.2437142e+00   1.1000000e+01             Inf
   6.3426415e+01   4.8191628e+01   5.0000000e+00  -2.0670159e+00  -1.2491887e+00   1.1000000e+01             Inf
   6.4145353e+01   4.6900812e+01   5.0000000e+00  -2.0735928e+00  -1.2272906e+00   1.2000000e+01             Inf
   6.3397085e+01   4.8103056e+01   5.0000000e+00  -2.0529227e+00  -1.2437142e+00   1.2000000e+01             Inf
   6.4099331e+01   4.6786792e+01   5.0000000e+00  -2.0717137e+00  -1.2272906e+00   1.3000000e+01             Inf
   6.4122949e+01   4.6820437e+01   5.0000000e+00  -2.0717137e+00  -1.2272906e+00   1.3000000e+01             Inf
