   7.1160788e+01   3.9900000e+00   6.6857429e-01   4.0000000e-01   1.0000000e-01   3.7632867e+01   7.7042910e-01   3.0000000e-01  -1.4788560e+00  -1.3189505e+00   1.0000000e+00   2.0000000e+00
   7.1997927e+01   2.7800856e+00   1.0828731e+00   7.7961605e-01   3.3277259e-01   3.8405825e+01   5.3697023e-01   2.7322521e-01  -2.1374824e+00  -1.2071953e+00   1.0000000e+00             Inf
   7.1161154e+01   3.9900000e+00   6.4037505e-01   4.0000000e-01   1.1229379e-01   3.7578144e+01   7.9347427e-01   3.0000000e-01  -1.4769768e+00  -1.3386720e+00   1.0000000e+00             Inf
   7.1189303e+01   3.9900000e+00   6.5820060e-01   4.0000000e-01   1.0041456e-01   3.7575165e+01   7.7186245e-01   2.9928607e-01  -1.4779164e+00  -1.3123767e+00   2.0000000e+00             Inf
   7.1894736e+01   2.7180471e+00   1.0262174e+00   7.5114122e-01   3.2688401e-01   3.8474316e+01   5.4343837e-01   2.7110344e-01  -2.0623182e+00  -1.2006214e+00   2.0000000e+00   2.0000000e+00
   7.2000000e+01   2.8040957e+00   1.0541408e+00   7.2848248e-01   3.3975587e-01   3.8378046e+01   5.2846210e-01   2.7214591e-01  -2.0712439e+00  -1.1808999e+00   2.0000000e+00             Inf
   7.1055445e+01   3.9900000e+00   6.3470807e-01   4.1692869e-01   1.0000000e-01   3.7682779e+01   7.5985100e-01   3.0000000e-01  -1.4732186e+00  -1.3058028e+00   3.0000000e+00             Inf
   7.1924851e+01   2.7303931e+00   1.0157567e+00   7.4666026e-01   3.2764131e-01   3.8419570e+01   5.4563638e-01   2.7077587e-01  -2.0590297e+00  -1.2006214e+00   3.0000000e+00             Inf
   7.1162861e+01   3.9900000e+00   6.0597581e-01   4.0000000e-01   1.0000000e-01   3.7654999e+01   7.5134287e-01   2.9918449e-01  -1.4309388e+00  -1.2860813e+00   4.0000000e+00             Inf
   7.1921700e+01   2.7291354e+00   1.0158869e+00   7.4668990e-01   3.2730304e-01   3.8432834e+01   5.4717055e-01   2.6975636e-01  -2.0585600e+00  -1.2006214e+00   4.0000000e+00             Inf
   7.1943403e+01   2.7296610e+00   1.0160500e+00   7.4749539e-01   3.2779265e-01   3.8378263e+01   5.4626418e-01   2.7053733e-01  -2.0585600e+00  -1.1940476e+00   5.0000000e+00             Inf
   7.1926884e+01   2.7294508e+00   1.0158539e+00   7.4771629e-01   3.2756296e-01   3.8382979e+01   5.4434197e-01   2.7054935e-01  -2.0571506e+00  -1.1940476e+00   6.0000000e+00             Inf
   7.1923251e+01   2.7305751e+00   1.0158437e+00   7.4659381e-01   3.2729857e-01   3.8416614e+01   5.4487172e-01   2.7038950e-01  -2.0571506e+00  -1.1940476e+00   6.0000000e+00             Inf
   7.1923303e+01   2.7306100e+00   1.0158437e+00   7.4658705e-01   3.2729895e-01   3.8416731e+01   5.4485493e-01   2.7038854e-01  -2.0571506e+00  -1.1940476e+00   6.0000000e+00             Inf
   7.1926832e+01   2.7294159e+00   1.0158539e+00   7.4772305e-01   3.2756259e-01   3.8382863e+01   5.4435877e-01   2.7055032e-01  -2.0571506e+00  -1.1940476e+00   6.0000000e+00             Inf
   7.1923281e+01   2.7305863e+00   1.0158444e+00   7.4662010e-01   3.2728662e-01   3.8416527e+01   5.4479949e-01   2.7038986e-01  -2.0571506e+00  -1.1940476e+00   6.0000000e+00             Inf
   7.1926854e+01   2.7294396e+00   1.0158532e+00   7.4769000e-01   3.2757492e-01   3.8383067e+01   5.4441421e-01   2.7054899e-01  -2.0571506e+00  -1.1940476e+00   6.0000000e+00             Inf
   7.1924339e+01   2.7297484e+00   1.0159106e+00   7.4783008e-01   3.2731853e-01   3.8380194e+01   5.4466823e-01   2.7043015e-01  -2.0562111e+00  -1.1940476e+00   7.0000000e+00             Inf
   7.1923717e+01   2.7630094e+00   1.0249345e+00   7.4553241e-01   3.2481243e-01   3.9007178e+01   5.0500453e-01   2.7307946e-01  -2.0439969e+00  -1.1808999e+00   8.0000000e+00             Inf
   7.1922885e+01   2.7059465e+00   1.0440429e+00   7.5484112e-01   3.1500478e-01   3.8471337e+01   5.2182655e-01   2.7016473e-01  -2.0458760e+00  -1.1743261e+00   8.0000000e+00             Inf
   7.1986605e+01   2.8237136e+00   1.0200330e+00   7.4539601e-01   3.2792067e-01   3.8450104e+01   5.1793161e-01   2.7242043e-01  -2.0411782e+00  -1.1743261e+00   9.0000000e+00             Inf
   7.1921867e+01   2.7628182e+00   1.0250591e+00   7.4564457e-01   3.2481355e-01   3.8958087e+01   5.0507406e-01   2.7303050e-01  -2.0407085e+00  -1.1743261e+00   1.0000000e+01             Inf
   7.1926175e+01   2.7626800e+00   1.0250126e+00   7.4725761e-01   3.2447815e-01   3.8956023e+01   5.0508589e-01   2.7297655e-01  -2.0402387e+00  -1.1743261e+00   1.1000000e+01             Inf
   7.1937774e+01   2.8700856e+00   1.0250476e+00   7.4419180e-01   3.2220507e-01   3.9075540e+01   5.0181698e-01   2.7175990e-01  -2.0383596e+00  -1.1743261e+00   1.2000000e+01             Inf
   7.2000000e+01   2.8217840e+00   1.0202746e+00   7.4541117e-01   3.2784876e-01   3.8427957e+01   5.1788400e-01   2.7240970e-01  -2.0374200e+00  -1.1677523e+00   1.3000000e+01             Inf
   7.2000000e+01   2.8258480e+00   1.0206640e+00   7.4539360e-01   3.2788664e-01   3.8416131e+01   5.1798295e-01   2.7240585e-01  -2.0374200e+00  -1.1677523e+00   1.3000000e+01             Inf
   7.2000000e+01   2.8265231e+00   1.0202334e+00   7.4548284e-01   3.2782639e-01   3.8426517e+01   5.1765059e-01   2.7241989e-01  -2.0369503e+00  -1.1677523e+00   1.4000000e+01             Inf
   7.1996451e+01   2.8217709e+00   1.0201143e+00   7.4541964e-01   3.2757044e-01   3.8429897e+01   5.1730366e-01   2.7233780e-01  -2.0364805e+00  -1.1677523e+00   1.5000000e+01             Inf
   7.2000000e+01   2.7546759e+00   1.0205486e+00   7.4844751e-01   3.2918502e-01   3.8240447e+01   5.2199586e-01   2.7183589e-01  -2.0327223e+00  -1.1677523e+00   1.6000000e+01             Inf
   7.1752728e+01   2.7712557e+00   1.0278007e+00   7.7123126e-01   3.3598265e-01   3.7895475e+01   5.0330968e-01   2.7584365e-01  -2.0346014e+00  -1.1414569e+00   1.6000000e+01             Inf
   7.1997638e+01   2.7951188e+00   1.0163904e+00   7.4902774e-01   3.2735728e-01   3.8096324e+01   5.2127678e-01   2.7410004e-01  -2.0341316e+00  -1.1611784e+00   1.6000000e+01   2.0000000e+00
   7.2000000e+01   2.7947063e+00   1.0163990e+00   7.4881612e-01   3.2752366e-01   3.8096653e+01   5.2159961e-01   2.7435366e-01  -2.0336618e+00  -1.1611784e+00   1.7000000e+01             Inf
   7.2000000e+01   2.7961460e+00   1.0163558e+00   7.4872002e-01   3.2751918e-01   3.8080433e+01   5.1930078e-01   2.7498680e-01  -2.0336618e+00  -1.1611784e+00   1.7000000e+01             Inf
   7.2000000e+01   2.7200128e+00   1.2000000e+00   1.0000000e+00   1.0000000e-01   3.7803255e+01   5.0299175e-01   3.0000000e-01  -2.0092335e+00  -1.1677523e+00   1.7000000e+01             Inf
   7.1786648e+01   2.7635242e+00   1.0151101e+00   7.4523101e-01   3.3178810e-01   3.8123069e+01   5.1435671e-01   2.7395053e-01  -2.0266152e+00  -1.1546046e+00   1.8000000e+01             Inf
   7.1992774e+01   2.7621458e+00   1.0162326e+00   7.4376402e-01   3.2764100e-01   3.8146533e+01   5.1458576e-01   2.7308212e-01  -2.0256756e+00  -1.1546046e+00   1.9000000e+01             Inf
   7.2000000e+01   2.7580678e+00   1.0158245e+00   7.4345301e-01   3.2750079e-01   3.8159356e+01   5.1359240e-01   2.7312344e-01  -2.0256756e+00  -1.1546046e+00   1.9000000e+01             Inf
   7.1994800e+01   2.7620995e+00   1.0162079e+00   7.4379006e-01   3.2781200e-01   3.8146577e+01   5.1459272e-01   2.7309250e-01  -2.0256756e+00  -1.1546046e+00   1.9000000e+01             Inf
   7.1791475e+01   2.7630711e+00   1.0150437e+00   7.4528537e-01   3.3177118e-01   3.8122647e+01   5.1437544e-01   2.7374206e-01  -2.0247361e+00  -1.1546046e+00   2.0000000e+01             Inf
   7.1795024e+01   2.7630842e+00   1.0152041e+00   7.4527689e-01   3.3204950e-01   3.8120707e+01   5.1495578e-01   2.7381397e-01  -2.0247361e+00  -1.1546046e+00   2.0000000e+01             Inf
