TCC 72x36 

 4  36.00 ! Nblades R 

 0.00   6.28     ! Clo Cla 
 -0.8   1.20     ! Clmin Clmax 

 0.0100  0.008  0.006   0.400     ! Cdo Cd2u Cd2l ClCdo
 150000  -0.50                    ! REref REexp 

 1.00   1.00   1.00     ! Rfac Cfac Bfac
 0.00   0.00   0.00     ! Radd Cadd Badd

# r    chord   beta
 0.09   0.16   32.1
 0.11   0.16   31.3
 0.12   0.16   30.5
 0.14   0.16   29.7
 0.15   0.16   28.9
 0.17   0.16   28.1
 0.18   0.16   27.4
 0.20   0.16   26.7
 0.21   0.16   25.9
 0.23   0.16   25.2
 0.24   0.16   24.5
 0.26   0.16   23.9
 0.27   0.16   23.2
 0.29   0.16   22.6
 0.30   0.16   22.0
 0.32   0.15   21.4
 0.34   0.15   20.8
 0.35   0.15   20.2
 0.37   0.15   19.7
 0.38   0.15   19.2
 0.40   0.15   18.6
 0.41   0.15   18.1
 0.43   0.15   17.7
 0.44   0.14   17.2
 0.46   0.14   16.8
 0.47   0.14   16.3
 0.49   0.14   15.9
 0.50   0.14   15.5
 0.52   0.13   15.1
 0.53   0.13   14.8
 0.55   0.13   14.4
 0.56   0.13   14.1
 0.58   0.13   13.8
 0.59   0.12   13.5
 0.61   0.12   13.2
 0.62   0.12   13.0
 0.64   0.12   12.7
 0.66   0.11   12.5
 0.67   0.11   12.3
 0.69   0.11   12.1
 0.70   0.10   11.9
 0.72   0.10   11.8
 0.73   0.10   11.6
 0.75   0.10   11.5
 0.76   0.09   11.4
 0.78   0.09   11.3
 0.79   0.09   11.2
 0.81   0.08   11.2
 0.82   0.08   11.1
 0.84   0.08   11.1
 0.85   0.07   11.1
 0.87   0.07   11.1
 0.88   0.07   11.1
 0.90   0.06   11.2
 0.91   0.06   11.3
